cgroup
CPU Settings:
	period_us: positive integer (microseconds), typically up to 100000
	quota_us: (max if -1), positive integer (microseconds), typically up to 100000
	max_burst_us: positive integer (microseconds)
	weight_nice: -20 to 19 (weight priority)
	uclamp_min: 0-100 (minimum CPU utilization percentage)
	uclamp_max: 0-100 (maximum CPU utilization percentage)
	idle: true, false (enable/disable idle CPU time)

Memory Settings:
	max: 'max', size string (e.g., '512M', '1G', bytes as number)
	high: 'max', size string (memory high threshold)
	low: 'max', size string (memory low threshold)
	min: 'max', size string (minimum memory guarantee)
	swap_max: 'max', size string (maximum swap usage)
	swap_high: 'max', size string (swap high threshold)
	zswap_max: 'max', size string (zswap max usage)
	oom_group: true, false (OOM killer for entire group)
	zswap_writeback: true, false (enable zswap writeback)

PID Settings:
  max (unlimited), positive integer (max process count)


gpu
persistence_mode: on, off
fan_speed: auto, 0-100%
	mem_freq_mhz: 15001,14801,7001,810,405
	core_freq_mhz: [405]:885,877,870,862,855,847,840,832,825,817,810,802,795,787,780,772,765,757,750,742,735,727,720,712,705,697,690,682,675,667,660,652,645,637,630,622,615,607,600,592,585,577,570,562,555,547,540,532,525,517,510,502,495,487,480,472,465,457,450,442,435,427,420,412,405,397,390,382,375,367,360,352,345,337,330,322,315,307,300,292,285,277,270,262,255,247,240,232,225,217,210,202,195,187,180,
[810]:3090,3082,3075,3067,3060,3052,3045,3037,3030,3022,3015,3007,3000,2992,2985,2977,2970,2962,2955,2947,2940,2932,2925,2917,2910,2902,2895,2887,2880,2872,2865,2857,2850,2842,2835,2827,2820,2812,2805,2797,2790,2782,2775,2767,2760,2752,2745,2737,2730,2722,2715,2707,2700,2692,2685,2677,2670,2662,2655,2647,2640,2632,2625,2617,2610,2602,2595,2587,2580,2572,2565,2557,2550,2542,2535,2527,2520,2512,2505,2497,2490,2482,2475,2467,2460,2452,2445,2437,2430,2422,2415,2407,2400,2392,2385,2377,2370,2362,2355,2347,2340,2332,2325,2317,2310,2302,2295,2287,2280,2272,2265,2257,2250,2242,2235,2227,2220,2212,2205,2197,2190,2182,2175,2167,2160,2152,2145,2137,2130,2122,2115,2107,2100,2092,2085,2077,2070,2062,2055,2047,2040,2032,2025,2017,2010,2002,1995,1987,1980,1972,1965,1957,1950,1942,1935,1927,1920,1912,1905,1897,1890,1882,1875,1867,1860,1852,1845,1837,1830,1822,1815,1807,1800,1792,1785,1777,1770,1762,1755,1747,1740,1732,1725,1717,1710,1702,1695,1687,1680,1672,1665,1657,1650,1642,1635,1627,1620,1612,1605,1597,1590,1582,1575,1567,1560,1552,1545,1537,1530,1522,1515,1507,1500,1492,1485,1477,1470,1462,1455,1447,1440,1432,1425,1417,1410,1402,1395,1387,1380,1372,1365,1357,1350,1342,1335,1327,1320,1312,1305,1297,1290,1282,1275,1267,1260,1252,1245,1237,1230,1222,1215,1207,1200,1192,1185,1177,1170,1162,1155,1147,1140,1132,1125,1117,1110,1102,1095,1087,1080,1072,1065,1057,1050,1042,1035,1027,1020,1012,1005,997,990,982,975,967,960,952,945,937,930,922,915,907,900,892,885,877,870,862,855,847,840,832,825,817,810,802,795,787,780,772,765,757,750,742,735,727,720,712,705,697,690,682,675,667,660,652,645,637,630,622,615,607,600,592,585,577,570,562,555,547,540,532,525,517,510,502,495,487,480,472,465,457,450,442,435,427,420,412,405,397,390,382,375,367,360,352,345,337,330,322,315,307,300,292,285,277,270,262,255,247,240,232,225,217,210,202,195,187,180,
[7001]:3090,3082,3075,3067,3060,3052,3045,3037,3030,3022,3015,3007,3000,2992,2985,2977,2970,2962,2955,2947,2940,2932,2925,2917,2910,2902,2895,2887,2880,2872,2865,2857,2850,2842,2835,2827,2820,2812,2805,2797,2790,2782,2775,2767,2760,2752,2745,2737,2730,2722,2715,2707,2700,2692,2685,2677,2670,2662,2655,2647,2640,2632,2625,2617,2610,2602,2595,2587,2580,2572,2565,2557,2550,2542,2535,2527,2520,2512,2505,2497,2490,2482,2475,2467,2460,2452,2445,2437,2430,2422,2415,2407,2400,2392,2385,2377,2370,2362,2355,2347,2340,2332,2325,2317,2310,2302,2295,2287,2280,2272,2265,2257,2250,2242,2235,2227,2220,2212,2205,2197,2190,2182,2175,2167,2160,2152,2145,2137,2130,2122,2115,2107,2100,2092,2085,2077,2070,2062,2055,2047,2040,2032,2025,2017,2010,2002,1995,1987,1980,1972,1965,1957,1950,1942,1935,1927,1920,1912,1905,1897,1890,1882,1875,1867,1860,1852,1845,1837,1830,1822,1815,1807,1800,1792,1785,1777,1770,1762,1755,1747,1740,1732,1725,1717,1710,1702,1695,1687,1680,1672,1665,1657,1650,1642,1635,1627,1620,1612,1605,1597,1590,1582,1575,1567,1560,1552,1545,1537,1530,1522,1515,1507,1500,1492,1485,1477,1470,1462,1455,1447,1440,1432,1425,1417,1410,1402,1395,1387,1380,1372,1365,1357,1350,1342,1335,1327,1320,1312,1305,1297,1290,1282,1275,1267,1260,1252,1245,1237,1230,1222,1215,1207,1200,1192,1185,1177,1170,1162,1155,1147,1140,1132,1125,1117,1110,1102,1095,1087,1080,1072,1065,1057,1050,1042,1035,1027,1020,1012,1005,997,990,982,975,967,960,952,945,937,930,922,915,907,900,892,885,877,870,862,855,847,840,832,825,817,810,802,795,787,780,772,765,757,750,742,735,727,720,712,705,697,690,682,675,667,660,652,645,637,630,622,615,607,600,592,585,577,570,562,555,547,540,532,525,517,510,502,495,487,480,472,465,457,450,442,435,427,420,412,405,397,390,382,375,367,360,352,345,337,330,322,315,307,300,292,285,277,270,262,255,247,240,232,225,217,210,202,195,187,180,
[14801]:3090,3082,3075,3067,3060,3052,3045,3037,3030,3022,3015,3007,3000,2992,2985,2977,2970,2962,2955,2947,2940,2932,2925,2917,2910,2902,2895,2887,2880,2872,2865,2857,2850,2842,2835,2827,2820,2812,2805,2797,2790,2782,2775,2767,2760,2752,2745,2737,2730,2722,2715,2707,2700,2692,2685,2677,2670,2662,2655,2647,2640,2632,2625,2617,2610,2602,2595,2587,2580,2572,2565,2557,2550,2542,2535,2527,2520,2512,2505,2497,2490,2482,2475,2467,2460,2452,2445,2437,2430,2422,2415,2407,2400,2392,2385,2377,2370,2362,2355,2347,2340,2332,2325,2317,2310,2302,2295,2287,2280,2272,2265,2257,2250,2242,2235,2227,2220,2212,2205,2197,2190,2182,2175,2167,2160,2152,2145,2137,2130,2122,2115,2107,2100,2092,2085,2077,2070,2062,2055,2047,2040,2032,2025,2017,2010,2002,1995,1987,1980,1972,1965,1957,1950,1942,1935,1927,1920,1912,1905,1897,1890,1882,1875,1867,1860,1852,1845,1837,1830,1822,1815,1807,1800,1792,1785,1777,1770,1762,1755,1747,1740,1732,1725,1717,1710,1702,1695,1687,1680,1672,1665,1657,1650,1642,1635,1627,1620,1612,1605,1597,1590,1582,1575,1567,1560,1552,1545,1537,1530,1522,1515,1507,1500,1492,1485,1477,1470,1462,1455,1447,1440,1432,1425,1417,1410,1402,1395,1387,1380,1372,1365,1357,1350,1342,1335,1327,1320,1312,1305,1297,1290,1282,1275,1267,1260,1252,1245,1237,1230,1222,1215,1207,1200,1192,1185,1177,1170,1162,1155,1147,1140,1132,1125,1117,1110,1102,1095,1087,1080,1072,1065,1057,1050,1042,1035,1027,1020,1012,1005,997,990,982,975,967,960,952,945,937,930,922,915,907,900,892,885,877,870,862,855,847,840,832,825,817,810,802,795,787,780,772,765,757,750,742,735,727,720,712,705,697,690,682,675,667,660,652,645,637,630,622,615,607,600,592,585,577,570,562,555,547,540,532,525,517,510,502,495,487,480,472,465,457,450,442,435,427,420,412,405,397,390,382,375,367,360,352,345,337,330,322,315,307,300,292,285,277,270,262,255,247,240,232,225,217,210,202,195,187,180,
[15001]:3090,3082,3075,3067,3060,3052,3045,3037,3030,3022,3015,3007,3000,2992,2985,2977,2970,2962,2955,2947,2940,2932,2925,2917,2910,2902,2895,2887,2880,2872,2865,2857,2850,2842,2835,2827,2820,2812,2805,2797,2790,2782,2775,2767,2760,2752,2745,2737,2730,2722,2715,2707,2700,2692,2685,2677,2670,2662,2655,2647,2640,2632,2625,2617,2610,2602,2595,2587,2580,2572,2565,2557,2550,2542,2535,2527,2520,2512,2505,2497,2490,2482,2475,2467,2460,2452,2445,2437,2430,2422,2415,2407,2400,2392,2385,2377,2370,2362,2355,2347,2340,2332,2325,2317,2310,2302,2295,2287,2280,2272,2265,2257,2250,2242,2235,2227,2220,2212,2205,2197,2190,2182,2175,2167,2160,2152,2145,2137,2130,2122,2115,2107,2100,2092,2085,2077,2070,2062,2055,2047,2040,2032,2025,2017,2010,2002,1995,1987,1980,1972,1965,1957,1950,1942,1935,1927,1920,1912,1905,1897,1890,1882,1875,1867,1860,1852,1845,1837,1830,1822,1815,1807,1800,1792,1785,1777,1770,1762,1755,1747,1740,1732,1725,1717,1710,1702,1695,1687,1680,1672,1665,1657,1650,1642,1635,1627,1620,1612,1605,1597,1590,1582,1575,1567,1560,1552,1545,1537,1530,1522,1515,1507,1500,1492,1485,1477,1470,1462,1455,1447,1440,1432,1425,1417,1410,1402,1395,1387,1380,1372,1365,1357,1350,1342,1335,1327,1320,1312,1305,1297,1290,1282,1275,1267,1260,1252,1245,1237,1230,1222,1215,1207,1200,1192,1185,1177,1170,1162,1155,1147,1140,1132,1125,1117,1110,1102,1095,1087,1080,1072,1065,1057,1050,1042,1035,1027,1020,1012,1005,997,990,982,975,967,960,952,945,937,930,922,915,907,900,892,885,877,870,862,855,847,840,832,825,817,810,802,795,787,780,772,765,757,750,742,735,727,720,712,705,697,690,682,675,667,660,652,645,637,630,622,615,607,600,592,585,577,570,562,555,547,540,532,525,517,510,502,495,487,480,472,465,457,450,442,435,427,420,412,405,397,390,382,375,367,360,352,345,337,330,322,315,307,300,292,285,277,270,262,255,247,240,232,225,217,210,202,195,187,180,
	power_limit_watts: 250-450 limit:360
	reset_device: true, false

memory
	THP Modes: never, always, madvise
	Malloc Backends: glibc, jemalloc, tcmalloc
	Hugepages Count: non-negative integer
	Arena Max: non-negative integer
	Swappiness: 0-100
	OOM Kill Task Score: -1000 - 1000
	Drop Caches: true, false
	Mlock All: true, false
cpu
	governor: performance, powersave, ondemand, conservative, schedutil, userspace
	affinity_cores:0,1,2,3,4,5,6,7,8,9,10,11,12,13,14,15,16,17,18,19,20,21,22,23,24,25,26,27,28,29,30,31
	offline_cores:1,2,3,4,5,6,7,8,9,10,11,12,13,14,15,16,17,18,19,20,21,22,23,24,25,26,27,28,29,30,31
	core_freq: 545000kHz - 5883000kHz
	uncore_freq: 0kHz - 0kHz
	smt_enabled: true, false
	turbo: true, false

